0 0.11640625 0.11953125 0.0046875 0.0046875
0 0.21640625 0.12890625 0.00625 0.003125
0 0.25078125 0.13203125 0.00625 0.0046875
0 0.28046875 0.134375 0.0046875 0.003125
0 0.3125 0.1375 0.0046875 0.003125
0 0.37890625 0.14375 0.0046875 0.003125
0 0.6234375 0.165625 0.00625 0.003125
1 0.72109375 0.20390625 0.00625 0.0046875
2 0.71953125 0.22109375 0.00625 0.021875
0 0.8234375 0.359375 0.0015625 0.0078125
0 0.79765625 0.65390625 0.003125 0.00625
0 0.790625 0.75 0.003125 0.00625
0 0.7234375 0.8 0.003125 0.0078125
0 0.47265625 0.7265625 0.003125 0.0109375
0 0.4828125 0.54609375 0.0046875 0.003125
0 0.56953125 0.55078125 0.003125 0.0078125
0 0.578125 0.5515625 0.0015625 0.0078125
0 0.13515625 0.8203125 0.00625 0.003125
0 0.040625 0.4546875 0.003125 0.00625
0 0.03671875 0.4984375 0.003125 0.00625
0 0.03203125 0.546875 0.0015625 0.00625
0 0.028125 0.59296875 0.003125 0.0078125