0 0.084375 0.1546875 0.0046875 0.0046875
0 0.18515625 0.1546875 0.00546875 0.003125
0 0.21953125 0.15546875 0.00625 0.00390625
0 0.24921875 0.1546875 0.00390625 0.003125
0 0.28125 0.15546875 0.0046875 0.00234375
0 0.3484375 0.15546875 0.0046875 0.003125
0 0.59375 0.15625 0.00546875 0.00234375
1 0.69453125 0.1859375 0.00625 0.0046875
2 0.69453125 0.203125 0.0046875 0.02109375
0 0.81015625 0.33203125 0.0015625 0.0078125
0 0.81015625 0.62734375 0.00234375 0.00625
0 0.8109375 0.7234375 0.003125 0.00546875
0 0.7484375 0.7796875 0.003125 0.00703125
0 0.4921875 0.728125 0.0015625 0.01015625
0 0.48671875 0.54765625 0.0046875 0.003125
0 0.5734375 0.54453125 0.00234375 0.00703125
0 0.58203125 0.54453125 0.0015625 0.00703125
0 0.16484375 0.85078125 0.00546875 0.003125
0 0.03828125 0.49453125 0.00234375 0.00625
0 0.03828125 0.5390625 0.00234375 0.00625
0 0.03828125 0.5875 0.0015625 0.00625
0 0.03828125 0.63359375 0.00234375 0.00703125