0 0.8421875 0.08203125 0.00625 0.00625
0 0.74296875 0.10078125 0.00625 0.0046875
0 0.709375 0.10859375 0.00625 0.0046875
0 0.68046875 0.11328125 0.0046875 0.003125
0 0.64921875 0.1203125 0.0046875 0.003125
0 0.5828125 0.1328125 0.0046875 0.0046875
0 0.3421875 0.18046875 0.00625 0.003125
1 0.24921875 0.22890625 0.00625 0.00625
2 0.25234375 0.2453125 0.009375 0.021875
0 0.16328125 0.39453125 0.003125 0.0078125
0 0.21953125 0.684375 0.003125 0.00625
0 0.2375 0.77890625 0.0046875 0.00625
0 0.309375 0.821875 0.0046875 0.0078125
0 0.5515625 0.72265625 0.003125 0.0109375
0 0.521875 0.54453125 0.0046875 0.0046875
0 0.43671875 0.5578125 0.003125 0.0078125
0 0.428125 0.559375 0.003125 0.0078125
0 0.89609375 0.78046875 0.00625 0.0046875
0 0.95234375 0.40625 0.003125 0.00625
0 0.9609375 0.45 0.003125 0.00625
0 0.9703125 0.49765625 0.003125 0.00625
0 0.97890625 0.54296875 0.003125 0.0078125