0 0.88203125 0.08203125 0.00625 0.00625
0 0.85 0.0875 0.0046875 0.0046875
0 0.78203125 0.09921875 0.0046875 0.0046875
0 0.753125 0.1046875 0.0046875 0.0046875
0 0.71953125 0.1109375 0.0046875 0.003125
0 0.65234375 0.1234375 0.0046875 0.0046875
0 0.62265625 0.128125 0.0046875 0.003125
0 0.58984375 0.13359375 0.0046875 0.003125
0 0.55859375 0.1390625 0.0046875 0.003125
1 0.25390625 0.22421875 0.00625 0.00625
2 0.25625 0.24140625 0.009375 0.0203125
0 0.65390625 0.521875 0.0046875 0.003125
0 0.19921875 0.584375 0.003125 0.0078125
0 0.225 0.73046875 0.003125 0.0078125
0 0.3046875 0.81796875 0.003125 0.00625
0 0.52109375 0.57734375 0.003125 0.0078125
0 0.52890625 0.625 0.003125 0.00625
0 0.53828125 0.675 0.003125 0.0078125
0 0.546875 0.7234375 0.003125 0.0078125
0 0.55546875 0.7703125 0.003125 0.0078125
0 0.5625 0.8140625 0.003125 0.00625