0 0.0515625 0.1546875 0.0046875 0.00546875
0 0.08359375 0.1546875 0.0046875 0.00390625
0 0.15234375 0.1546875 0.0046875 0.0046875
0 0.18203125 0.1546875 0.0046875 0.00390625
0 0.21640625 0.1546875 0.00390625 0.003125
0 0.284375 0.15546875 0.0046875 0.0046875
0 0.31484375 0.1546875 0.00390625 0.003125
0 0.34765625 0.1546875 0.0046875 0.003125
0 0.3796875 0.1546875 0.0046875 0.003125
1 0.69453125 0.1859375 0.0046875 0.00546875
2 0.6953125 0.203125 0.00546875 0.0203125
0 0.35234375 0.5484375 0.0046875 0.003125
0 0.8109375 0.53046875 0.00234375 0.00703125
0 0.8109375 0.67890625 0.00234375 0.00703125
0 0.74765625 0.77890625 0.00234375 0.00625
0 0.49296875 0.5796875 0.00234375 0.0078125
0 0.49296875 0.628125 0.00234375 0.00625
0 0.49296875 0.67890625 0.0015625 0.00703125
0 0.49296875 0.728125 0.00234375 0.00703125
0 0.4921875 0.77578125 0.0015625 0.00703125
0 0.49296875 0.8203125 0.0015625 0.00546875