0 0.00078125 0.7625 0.0015625 0.00625
0 0.0296875 0.76796875 0.0046875 0.0046875
0 0.09765625 0.7796875 0.0046875 0.0046875
0 0.1265625 0.78515625 0.0046875 0.0046875
0 0.1609375 0.790625 0.0046875 0.003125
0 0.228125 0.8015625 0.0046875 0.0046875
0 0.2578125 0.8078125 0.0046875 0.003125
0 0.28984375 0.81328125 0.0046875 0.003125
0 0.321875 0.81953125 0.0046875 0.003125
1 0.63671875 0.84296875 0.00625 0.00625
2 0.640625 0.8265625 0.009375 0.0203125
0 0.36328125 0.4265625 0.0046875 0.003125
0 0.81171875 0.52421875 0.003125 0.0078125
0 0.8375 0.378125 0.003125 0.0078125
0 0.7921875 0.26796875 0.003125 0.00625
0 0.50703125 0.4203125 0.003125 0.0078125
0 0.515625 0.37265625 0.003125 0.00625
0 0.52421875 0.32265625 0.003125 0.0078125
0 0.5328125 0.27421875 0.003125 0.0078125
0 0.53984375 0.22734375 0.003125 0.0078125
0 0.5484375 0.18359375 0.003125 0.00625